   2.7239500e+05
   3.0479575e+05
   3.3719650e+05
   3.6959725e+05
   4.0199800e+05
   4.1303650e+05
   4.2407500e+05
   4.3511350e+05
   4.4615200e+05
   4.2395775e+05
   4.0176350e+05
   3.7956925e+05
   3.5737500e+05
   3.4826800e+05
   3.3916100e+05
   3.3005400e+05
   3.2094700e+05
   3.4481500e+05
   3.6868300e+05
   3.9255100e+05
   4.1641900e+05
   3.8397050e+05
   3.5152200e+05
   3.1907350e+05
   2.8662500e+05
   2.9999650e+05
   3.1336800e+05
   3.2673950e+05
   3.4011100e+05
   3.5127825e+05
   3.6244550e+05
   3.7361275e+05
   3.8478000e+05
   3.8027475e+05
   3.7576950e+05
   3.7126425e+05
   3.6675900e+05
   3.7371925e+05
   3.8067950e+05
   3.8763975e+05
   3.9460000e+05
   3.5792775e+05
   3.2125550e+05
   2.8458325e+05
   2.4791100e+05
   2.7861550e+05
   3.0932000e+05
   3.4002450e+05
   3.7072900e+05
   3.5217800e+05
   3.3362700e+05
   3.1507600e+05
   2.9652500e+05
   2.7444300e+05
   2.5236100e+05
   2.3027900e+05
   2.0819700e+05
   2.1836275e+05
   2.2852850e+05
   2.3869425e+05
   2.4886000e+05
   4.0415375e+05
   5.5944750e+05
   7.1474125e+05
   8.7003500e+05
   7.7595325e+05
   6.8187150e+05
   5.8778975e+05
   4.9370800e+05
   5.7273075e+05
   6.5175350e+05
   7.3077625e+05
   8.0979900e+05
   8.9550975e+05
   9.8122050e+05
   1.0669312e+06
   1.1526420e+06
