   2.7239500e+05
   3.1379147e+05
   3.5050397e+05
   3.8056273e+05
   4.0199800e+05
   4.1815971e+05
   4.3230847e+05
   4.4234049e+05
   4.4615200e+05
   4.3470210e+05
   4.0822085e+05
   3.7851092e+05
   3.5737500e+05
   3.4441861e+05
   3.3270365e+05
   3.2421737e+05
   3.2094700e+05
   3.3586450e+05
   3.6868300e+05
   4.0150150e+05
   4.1641900e+05
   3.9613869e+05
   3.5152200e+05
   3.0690531e+05
   2.8662500e+05
   2.9270024e+05
   3.0728281e+05
   3.2490798e+05
   3.4011100e+05
   3.5393637e+05
   3.6853069e+05
   3.8008241e+05
   3.8478000e+05
   3.8196422e+05
   3.7576950e+05
   3.6957478e+05
   3.6675900e+05
   3.7110916e+05
   3.8067950e+05
   3.9024984e+05
   3.9460000e+05
   3.7167984e+05
   3.2125550e+05
   2.7083116e+05
   2.4791100e+05
   2.6710131e+05
   3.0932000e+05
   3.5153869e+05
   3.7072900e+05
   3.6291520e+05
   3.4370854e+05
   3.1946111e+05
   2.9652500e+05
   2.7138202e+05
   2.4227946e+05
   2.1821767e+05
   2.0819700e+05
   2.1097265e+05
   2.1898733e+05
   2.3177259e+05
   2.4886000e+05
   3.5665241e+05
   5.6898867e+05
   7.7655435e+05
   8.7003500e+05
   8.1123391e+05
   6.8187150e+05
   5.5250909e+05
   4.9370800e+05
   5.2767891e+05
   6.1063801e+05
   7.1415485e+05
   8.0979900e+05
   8.9292538e+05
   9.7780862e+05
   1.0643978e+06
   1.1526420e+06
