   2.7239500e+05
   3.0710577e+05
   3.4136239e+05
   3.7353607e+05
   4.0199800e+05
   4.2511936e+05
   4.4127136e+05
   4.4882517e+05
   4.4615200e+05
   4.3250993e+05
   4.1070468e+05
   3.8442883e+05
   3.5737500e+05
   3.3332509e+05
   3.1641819e+05
   3.1088269e+05
   3.2094700e+05
   3.4794339e+05
   3.8161971e+05
   4.0882767e+05
   4.1641900e+05
   3.9591687e+05
   3.5753023e+05
   3.1613948e+05
   2.8662500e+05
   2.8004177e+05
   2.9214311e+05
   3.1485689e+05
   3.4011100e+05
   3.6107852e+05
   3.7591322e+05
   3.8401406e+05
   3.8478000e+05
   3.7861446e+05
   3.6993866e+05
   3.6417828e+05
   3.6675900e+05
   3.8038140e+05
   3.9684565e+05
   4.0522683e+05
   3.9460000e+05
   3.5879644e+05
   3.1067222e+05
   2.6783965e+05
   2.4791100e+05
   2.6258056e+05
   2.9987058e+05
   3.4188531e+05
   3.7072900e+05
   3.7319413e+05
   3.5482610e+05
   3.2585852e+05
   2.9652500e+05
   2.7437156e+05
   2.5619378e+05
   2.3609960e+05
   2.0819700e+05
   1.7203453e+05
   1.4892317e+05
   1.6561447e+05
   2.4886000e+05
   4.1115538e+05
   6.0797243e+05
   7.8052701e+05
   8.7003500e+05
   8.3758397e+05
   7.2374836e+05
   5.8897432e+05
   4.9370800e+05
   4.8422611e+05
   5.5012763e+05
   6.6684208e+05
   8.0979900e+05
   9.5442792e+05
   1.0761584e+06
   1.1504199e+06
   1.1526420e+06
