   2.7239500e+05
   2.7239500e+05
   4.0199800e+05
   4.0199800e+05
   4.0199800e+05
   4.0199800e+05
   4.4615200e+05
   4.4615200e+05
   4.4615200e+05
   4.4615200e+05
   3.5737500e+05
   3.5737500e+05
   3.5737500e+05
   3.5737500e+05
   3.2094700e+05
   3.2094700e+05
   3.2094700e+05
   3.2094700e+05
   4.1641900e+05
   4.1641900e+05
   4.1641900e+05
   4.1641900e+05
   2.8662500e+05
   2.8662500e+05
   2.8662500e+05
   2.8662500e+05
   3.4011100e+05
   3.4011100e+05
   3.4011100e+05
   3.4011100e+05
   3.8478000e+05
   3.8478000e+05
   3.8478000e+05
   3.8478000e+05
   3.6675900e+05
   3.6675900e+05
   3.6675900e+05
   3.6675900e+05
   3.9460000e+05
   3.9460000e+05
   3.9460000e+05
   3.9460000e+05
   2.4791100e+05
   2.4791100e+05
   2.4791100e+05
   2.4791100e+05
   3.7072900e+05
   3.7072900e+05
   3.7072900e+05
   3.7072900e+05
   2.9652500e+05
   2.9652500e+05
   2.9652500e+05
   2.9652500e+05
   2.0819700e+05
   2.0819700e+05
   2.0819700e+05
   2.0819700e+05
   2.4886000e+05
   2.4886000e+05
   2.4886000e+05
   2.4886000e+05
   8.7003500e+05
   8.7003500e+05
   8.7003500e+05
   8.7003500e+05
   4.9370800e+05
   4.9370800e+05
   4.9370800e+05
   4.9370800e+05
   8.0979900e+05
   8.0979900e+05
   8.0979900e+05
   8.0979900e+05
   1.1526420e+06
   1.1526420e+06
   1.1526420e+06
