   0.0000000e+00
  -5.0234700e-05
  -1.0046334e-04
  -1.5068593e-04
  -2.0090246e-04
  -4.5189432e-04
  -7.0273488e-04
  -9.5342424e-04
  -1.2039625e-03
  -2.4543894e-03
  -3.7010497e-03
  -4.9439533e-03
  -6.1831099e-03
  -1.2323027e-02
  -1.8370715e-02
  -2.4327364e-02
  -3.0194150e-02
  -5.8220504e-02
  -8.4168156e-02
  -1.0816805e-01
  -1.3034371e-01
  -1.7702028e-01
  -2.1519194e-01
  -2.4608941e-01
  -2.7081972e-01
  -2.9344840e-01
  -3.0998549e-01
  -3.2148320e-01
  -3.2888885e-01
  -3.3340743e-01
  -3.3434428e-01
  -3.3244879e-01
  -3.2840517e-01
  -3.2185321e-01
  -3.1373229e-01
  -3.0447889e-01
  -2.9450506e-01
  -2.8233720e-01
  -2.6987905e-01
  -2.5734487e-01
  -2.4495785e-01
  -2.3085257e-01
  -2.1723201e-01
  -2.0415181e-01
  -1.9169581e-01
  -1.7774635e-01
  -1.6469350e-01
  -1.5249713e-01
  -1.4115294e-01
  -1.2844789e-01
  -1.1684968e-01
  -1.0626038e-01
  -9.6618427e-02
  -8.5704952e-02
  -7.6013641e-02
  -6.7401996e-02
  -5.9764140e-02
  -5.0975068e-02
  -4.3473418e-02
  -3.7062966e-02
  -3.1598947e-02
  -2.6708740e-02
  -2.2569866e-02
  -1.9056131e-02
  -1.6090838e-02
  -1.3610335e-02
  -1.1505732e-02
  -9.7061113e-03
  -8.1892488e-03
  -7.1001581e-03
  -6.1518477e-03
  -5.3204649e-03
  -4.6014193e-03
  -4.0691429e-03
  -3.5972843e-03
  -3.1781867e-03
  -2.8077404e-03
  -2.4593855e-03
  -2.1539318e-03
  -1.8858119e-03
  -1.6510439e-03
  -1.3986540e-03
  -1.1846384e-03
  -1.0027888e-03
  -8.4890994e-04
  -6.9984726e-04
  -5.7647615e-04
  -4.7302382e-04
  -3.8832914e-04
  -3.3332373e-04
  -2.8558301e-04
  -2.4317579e-04
  -2.0710566e-04
  -1.8284095e-04
  -1.6122766e-04
  -1.4181592e-04
  -1.2471676e-04
  -1.0859776e-04
  -9.4496745e-05
  -8.2079423e-05
  -7.1291385e-05
  -5.9595901e-05
  -4.9744833e-05
  -4.1254299e-05
  -3.4232429e-05
  -2.8506191e-05
  -2.3428779e-05
  -1.7981226e-05
  -1.3880531e-05
  -1.2665044e-05
  -1.1335786e-05
  -9.7145213e-06
  -8.3067785e-06
  -7.4350869e-06
  -6.5849671e-06
  -5.6898929e-06
  -4.9108488e-06
  -4.2775138e-06
  -3.6590093e-06
  -2.9104142e-06
  -2.3212565e-06
  -2.5011729e-06
  -2.3035320e-06
  -1.1025884e-06
  -3.6686956e-07
  -7.9134093e-07
  -9.2095773e-07
  -5.8716827e-07
  -3.1920190e-07
  -4.7066007e-07
  -5.0437351e-07
  -3.5097471e-07
  -2.2672746e-07
  -3.8321280e-07
  -4.0975635e-07
  -1.5657346e-07
   9.7418005e-09
  -6.0680896e-07
  -7.7118807e-07
   1.0103334e-07
   5.9451327e-07
   4.1567848e-08
  -1.9688680e-07
   5.7137339e-08
   2.5077345e-07
   1.0004158e-08
  -9.3277558e-08
   1.8857515e-08
   1.0443398e-07
  -1.1745939e-07
  -1.9284439e-07
   3.3173028e-08
   1.7560244e-07
  -4.4092360e-07
  -6.2423679e-07
   1.6998580e-07
   6.2113131e-07
  -6.4607532e-07
  -1.0711788e-06
   2.8134747e-07
   1.1103365e-06
   1.3540739e-07
  -2.8595660e-07
   1.7798367e-07
   5.2397812e-07
   1.4917088e-07
  -2.6175416e-08
   7.9289654e-08
   1.6810605e-07
  -2.6257835e-08
  -1.0277257e-07
   3.4247066e-08
   1.2808074e-07
  -2.2361813e-07
  -3.3336102e-07
   9.1557754e-08
   3.3973007e-07
  -6.8569009e-07
  -9.9869320e-07
   2.8030871e-07
   1.0162344e-06
  -2.5440833e-07
  -7.4223620e-07
   2.3116377e-07
   8.8477167e-07
   2.5205911e-07
  -4.3831418e-08
   1.3509557e-07
   2.8551248e-07
   4.9078574e-08
  -5.5314747e-08
   4.4809839e-08
   1.2137924e-07
  -8.7555821e-09
  -6.1219581e-08
   2.3091891e-08
   8.1903248e-08
