   1.0000000e+00
   1.0000000e+00
   1.0000000e+00
   9.9999999e-01
   9.9999998e-01
   9.9999992e-01
   9.9999980e-01
   9.9999964e-01
   9.9999942e-01
   9.9999758e-01
   9.9999449e-01
   9.9999014e-01
   9.9998455e-01
   9.9993803e-01
   9.9986089e-01
   9.9975360e-01
   9.9961661e-01
   9.9850179e-01
   9.9670931e-01
   9.9428965e-01
   9.9129030e-01
   9.8194404e-01
   9.7003161e-01
   9.5602039e-01
   9.4032899e-01
   9.2005080e-01
   8.9836992e-01
   8.7567079e-01
   8.5229714e-01
   8.2461682e-01
   7.9671026e-01
   7.6882789e-01
   7.4119600e-01
   7.1009982e-01
   6.7970571e-01
   6.5012623e-01
   6.2146691e-01
   5.8915800e-01
   5.5822818e-01
   5.2868178e-01
   5.0053087e-01
   4.6931549e-01
   4.3991872e-01
   4.1225979e-01
   3.8627526e-01
   3.5741748e-01
   3.3066873e-01
   3.0588173e-01
   2.8293244e-01
   2.5726689e-01
   2.3391516e-01
   2.1266888e-01
   1.9334750e-01
   1.7145788e-01
   1.5204282e-01
   1.3482249e-01
   1.1955200e-01
   1.0194571e-01
   8.6931422e-02
   7.4130991e-02
   6.3216867e-02
   5.3408446e-02
   4.5120460e-02
   3.8117663e-02
   3.2203078e-02
   2.7210481e-02
   2.2989726e-02
   1.9418316e-02
   1.6402640e-02
   1.4203702e-02
   1.2298044e-02
   1.0644787e-02
   9.2138428e-03
   8.1427121e-03
   7.1956734e-03
   6.3581499e-03
   5.6180503e-03
   4.9195552e-03
   4.3078030e-03
   3.7720171e-03
   3.3028733e-03
   2.7969980e-03
   2.3685598e-03
   2.0057842e-03
   1.6986323e-03
   1.3981895e-03
   1.1507308e-03
   9.4666466e-04
   7.7892253e-04
   6.6636960e-04
   5.6987862e-04
   4.8680446e-04
   4.1586335e-04
   3.6628486e-04
   3.2254250e-04
   2.8389080e-04
   2.4986180e-04
   2.1728458e-04
   1.8893022e-04
   1.6422506e-04
   1.4275032e-04
   1.1901163e-04
   9.9193452e-05
   8.2587581e-05
   6.8772822e-05
   5.5970980e-05
   4.5436524e-05
   3.6397252e-05
   2.9205719e-05
   2.5726534e-05
   2.2580707e-05
   1.9649622e-05
   1.7092732e-05
   1.5001670e-05
   1.3139795e-05
   1.1452949e-05
   9.9806343e-06
   8.4278688e-06
   7.0918222e-06
   5.8813174e-06
   4.8822404e-06
   4.2007686e-06
   3.5119868e-06
   2.5395302e-06
   1.8469212e-06
   1.7926979e-06
   1.6500611e-06
   1.3477563e-06
   1.0940168e-06
   1.0272774e-06
   9.3022317e-07
   7.7292820e-07
   6.3993226e-07
   6.1327773e-07
   5.4915932e-07
   3.8537167e-07
   2.6648725e-07
   4.6313328e-07
   4.8815561e-07
   1.0614815e-07
  -1.1824254e-07
   8.6989995e-08
   1.6855378e-07
   5.4974186e-08
  -3.2854061e-08
   5.4457396e-08
   8.7974159e-08
   3.6366887e-08
  -3.7164248e-09
   7.8900556e-08
   1.0390561e-07
   9.1855889e-09
  -5.1403478e-08
   1.9178106e-07
   2.6230405e-07
  -5.7672420e-08
  -2.4000213e-07
   2.6547749e-07
   4.3434899e-07
  -1.0763585e-07
  -4.4004405e-07
  -5.0625261e-08
   1.1744223e-07
  -6.8547168e-08
  -2.0730239e-07
  -5.7667267e-08
   1.2219669e-08
  -3.0186236e-08
  -6.5905030e-08
   1.1645041e-08
   4.2084044e-08
  -1.2866211e-08
  -5.0521269e-08
   9.0033232e-08
   1.3382735e-07
  -3.6224912e-08
  -1.3556369e-07
   2.7454561e-07
   3.9969861e-07
  -1.1194168e-07
  -4.0634441e-07
   1.0189040e-07
   2.9700258e-07
  -9.2373530e-08
  -3.5383040e-07
  -1.0075523e-07
   1.7592375e-08
  -5.3985942e-08
  -1.1415928e-07
  -1.9591784e-08
   2.2160285e-08
  -1.7894109e-08
  -4.8525826e-08
   3.5243940e-09
   2.4506815e-08
  -9.2204939e-09
  -3.2747367e-08
