  -1.9561322e-03
  -2.5978514e-03
  -5.9365029e-03
  -2.3646701e-03
  -1.6885628e-03
  -6.1250825e-03
  -4.7729656e-03
  -5.3683623e-03
  -1.1033074e-02
  -1.0224782e-02
  -9.5785059e-03
  -1.4089491e-02
  -1.2167384e-02
  -8.8206239e-03
  -1.0246041e-02
  -5.0175340e-03
   2.7516309e-03
   4.3366934e-03
   9.4788434e-03
   1.4904226e-02
   1.0997937e-02
   8.2953574e-03
   7.2978047e-03
  -5.8280753e-04
  -4.6053450e-03
  -2.8930694e-03
  -6.2412033e-03
  -6.8819375e-03
  -2.7582453e-03
  -5.5516981e-03
  -7.9536661e-03
  -4.8719947e-03
  -6.9491626e-03
  -7.8445499e-03
  -1.6379002e-03
  -3.8232224e-04
  -6.8355620e-04
   4.0646538e-03
   2.5085468e-03
  -2.2054905e-03
  -6.1665209e-04
  -2.4167656e-03
  -6.0017680e-03
  -1.8052084e-03
  -2.6235605e-04
  -2.8314379e-03
   2.0809281e-04
  -3.3531265e-04
  -6.6127578e-03
  -7.1216864e-03
  -8.9560655e-03
  -1.5490448e-02
  -1.4965020e-02
  -1.3453941e-02
  -1.6196376e-02
  -1.1626084e-02
  -4.7099578e-03
  -2.7713143e-03
   4.5666107e-03
   1.2766688e-02
   1.2410705e-02
   1.3456690e-02
   1.4110336e-02
   5.8436643e-03
   1.9429165e-04
  -1.2683705e-03
  -7.5240553e-03
  -8.9126608e-03
  -4.1800207e-03
  -5.1595761e-03
  -4.7793441e-03
  -3.8583855e-04
  -3.2773913e-03
  -6.0508260e-03
  -3.0221414e-03
  -5.0170946e-03
  -6.4260563e-03
  -1.1702191e-03
  -1.1556716e-03
  -2.9610330e-03
   9.8295859e-04
  -9.3282708e-05
  -3.4433745e-03
   2.3009809e-04
   6.0852656e-04
  -1.9865370e-03
   1.7513372e-03
   1.6539937e-03
  -3.6679012e-03
  -3.5160118e-03
  -6.0197258e-03
  -1.3284637e-02
  -1.3560849e-02
  -1.3753007e-02
  -1.7960375e-02
  -1.4699686e-02
  -9.9833907e-03
  -9.8265990e-03
  -3.1706011e-03
   4.8791547e-03
   6.1726155e-03
   1.0852396e-02
   1.5187793e-02
   1.0334353e-02
   7.2862583e-03
   5.8089056e-03
  -2.2825498e-03
  -5.8182437e-03
  -3.6368167e-03
  -6.1809569e-03
  -5.2446355e-03
   2.1565428e-04
  -1.7146259e-03
  -3.6132901e-03
  -1.4311622e-03
  -5.7073743e-03
  -9.0097492e-03
  -5.3457214e-03
  -5.9907065e-03
  -6.2601572e-03
  -4.8046971e-05
   7.2295144e-04
  -8.5059843e-04
   3.2610325e-03
   2.4204663e-03
  -1.2396318e-03
   1.6356691e-03
   8.1377606e-04
  -3.7029312e-03
  -1.9839096e-03
  -3.4101502e-03
  -9.3752461e-03
  -8.8325210e-03
  -9.7442161e-03
  -1.5047638e-02
  -1.3353928e-02
  -1.1559810e-02
  -1.4340983e-02
  -1.0190777e-02
  -4.7000216e-03
  -4.3251472e-03
   1.8016506e-03
   8.8499350e-03
   8.3307104e-03
   1.0565252e-02
   1.2819104e-02
   6.5887464e-03
   3.1585449e-03
   2.8018210e-03
  -3.3486593e-03
  -5.1417067e-03
  -1.7754031e-03
  -4.3766363e-03
  -4.9847900e-03
  -1.5232217e-03
  -5.1434505e-03
  -7.9523959e-03
  -5.0686172e-03
  -7.2453603e-03
  -8.0738364e-03
  -2.0088895e-03
  -1.0334306e-03
  -1.2295615e-03
   3.9619299e-03
   3.1225375e-03
  -5.5049277e-04
   1.7480470e-03
  -2.0542842e-04
  -4.6590538e-03
  -2.0342727e-03
  -2.4291209e-03
  -6.3827388e-03
  -3.8663826e-03
  -4.1608159e-03
  -9.3428348e-03
  -8.4453474e-03
  -9.2165986e-03
  -1.4936266e-02
  -1.3833741e-02
  -1.2031926e-02
  -1.4295266e-02
  -9.0443999e-03
  -1.7407386e-03
   2.4343257e-04
   7.1232906e-03
   1.4099671e-02
   1.2316159e-02
   1.2322550e-02
   1.2425001e-02
   4.4145479e-03
  -2.7056383e-04
  -8.8984233e-04
  -6.7989501e-03
  -8.4361691e-03
  -4.7565307e-03
  -7.0279207e-03
  -7.3646720e-03
  -2.9774089e-03
  -5.0146604e-03
  -6.1221721e-03
  -1.4556031e-03
  -2.3705092e-03
  -3.2890303e-03
   1.6135682e-03
   6.7085876e-04
  -2.0376857e-03
   1.0763961e-03
  -7.6763259e-04
  -4.5865508e-03
  -1.3860530e-03
  -1.6052600e-03
  -4.4523339e-03
  -5.7456986e-04
  -1.8569286e-04
  -4.4470853e-03
  -3.1119352e-03
  -4.9605162e-03
  -1.2131108e-02
  -1.3008757e-02
  -1.4441943e-02
  -1.9682309e-02
  -1.6717007e-02
  -1.1517500e-02
  -9.9098076e-03
  -1.2788058e-03
   8.3409606e-03
   1.0510949e-02
   1.5206923e-02
   1.8521072e-02
   1.2212840e-02
   7.8155388e-03
   5.0539350e-03
  -4.0217901e-03
  -8.1885182e-03
  -6.7060540e-03
  -9.8334298e-03
  -8.9487815e-03
  -3.0336092e-03
  -3.7356724e-03
  -3.5171640e-03
   9.2206673e-04
  -1.5571825e-03
  -3.8679822e-03
  -6.1665816e-04
  -2.9572495e-03
  -5.4055719e-03
  -1.4155174e-03
  -2.3368121e-03
  -4.4401234e-03
   4.0943588e-05
   6.9475996e-05
  -2.3046230e-03
   1.7518192e-03
   1.6899612e-03
  -2.2244644e-03
  -2.4495165e-04
  -2.0012176e-03
  -8.6600048e-03
  -9.3055775e-03
  -1.1946946e-02
  -1.8798720e-02
  -1.7964154e-02
  -1.6061814e-02
  -1.7234343e-02
  -1.0211293e-02
  -1.5313902e-03
   1.6994731e-03
   9.5292114e-03
   1.6356670e-02
   1.4004686e-02
   1.3432915e-02
   1.2414895e-02
   3.4347943e-03
  -1.6036568e-03
  -2.6213401e-03
  -8.4824558e-03
  -9.1609137e-03
  -4.4344696e-03
  -5.4661356e-03
  -4.2046882e-03
   9.4757435e-04
  -1.3585540e-03
  -3.3503583e-03
  -7.4982233e-04
  -4.3479486e-03
  -7.2007693e-03
  -3.4690843e-03
  -4.4463099e-03
  -5.3508097e-03
   3.4142840e-04
   9.3350086e-04
  -6.2874849e-04
   3.5613015e-03
   2.6311945e-03
  -1.5887700e-03
   3.7732525e-04
  -1.4251709e-03
  -6.8701770e-03
  -5.8020222e-03
  -7.5222454e-03
  -1.3660155e-02
  -1.3179122e-02
  -1.3826960e-02
  -1.8366669e-02
  -1.5035342e-02
  -1.0470575e-02
  -9.7322542e-03
  -2.0276101e-03
   6.1748310e-03
   7.3850333e-03
   1.1998593e-02
   1.5553192e-02
   1.0355409e-02
   7.9365764e-03
   6.8400410e-03
  -8.8088932e-04
  -4.0293115e-03
  -2.7944090e-03
  -6.9550991e-03
  -7.1400223e-03
  -2.7272707e-03
  -4.7893818e-03
  -5.1003121e-03
  -1.1121197e-03
  -3.8978016e-03
  -5.8365608e-03
  -2.2528757e-03
  -4.2094171e-03
  -5.5072581e-03
  -3.2818255e-04
  -3.3397878e-04
  -1.4258879e-03
   3.2218998e-03
   2.1919447e-03
  -1.5988160e-03
   5.9884099e-04
  -1.4492192e-03
  -6.0923432e-03
  -3.6239542e-03
  -4.1017228e-03
  -8.3375101e-03
  -6.4135663e-03
  -7.5761668e-03
  -1.3823594e-02
  -1.3648039e-02
  -1.4057255e-02
  -1.7962078e-02
  -1.3514024e-02
  -7.2648805e-03
  -5.1564011e-03
   3.1438106e-03
   1.1304811e-02
   1.1485287e-02
   1.4304154e-02
   1.6151900e-02
   9.3867222e-03
   5.6329576e-03
   3.9191816e-03
  -4.0787398e-03
  -7.4816902e-03
  -6.0826000e-03
  -9.8616509e-03
  -9.6358651e-03
  -4.2927684e-03
  -5.1235834e-03
  -4.3671485e-03
   7.5704800e-04
  -1.1137373e-03
  -2.8323890e-03
   6.7057180e-04
  -1.6549466e-03
  -3.9317637e-03
   1.3357506e-04
  -9.6666483e-04
  -3.3848805e-03
   2.9690521e-04
  -9.6207476e-04
  -4.4975354e-03
  -1.2649482e-03
  -1.6047297e-03
  -4.8427797e-03
  -1.6297713e-03
  -2.2381433e-03
  -8.0101732e-03
  -8.4403041e-03
  -1.1695531e-02
  -1.9307167e-02
  -1.8945016e-02
  -1.7075069e-02
  -1.7444332e-02
  -9.0514362e-03
   8.3190966e-04
   4.9188842e-03
   1.3026872e-02
   1.9297824e-02
   1.6066209e-02
   1.4678622e-02
   1.2797709e-02
   3.1255827e-03
  -2.4608327e-03
  -4.3385725e-03
  -1.1173884e-02
  -1.2547715e-02
  -8.1899731e-03
  -8.8076482e-03
  -6.0723583e-03
   1.0409432e-03
   7.4294969e-04
   4.3051561e-04
   3.6306366e-03
  -5.1857456e-04
  -4.5694738e-03
  -2.5006601e-03
  -5.1231081e-03
  -7.0428136e-03
  -1.9055075e-03
  -1.5513091e-03
  -2.8731796e-03
   1.7226545e-03
   1.2689723e-03
  -2.0647007e-03
   9.3184117e-04
  -7.8711818e-05
  -5.0145321e-03
  -4.2087501e-03
  -7.2562242e-03
  -1.5213843e-02
  -1.6555528e-02
  -1.8502022e-02
  -2.2903146e-02
  -1.7865373e-02
  -1.0614722e-02
  -6.6824201e-03
   3.7923868e-03
   1.3319441e-02
   1.4358368e-02
   1.7505445e-02
   1.8523756e-02
   1.0606801e-02
   5.9062308e-03
   2.9615107e-03
  -5.8700139e-03
  -9.2717218e-03
  -7.7607745e-03
  -1.0928898e-02
  -9.2553281e-03
  -2.6113950e-03
  -2.3387770e-03
  -5.6943832e-04
   4.3629219e-03
   1.1204688e-03
  -2.3787054e-03
  -1.2802562e-03
  -5.8671094e-03
  -8.9210830e-03
  -4.4252846e-03
  -4.0046847e-03
  -3.6087928e-03
   2.7811605e-03
   3.1520996e-03
   4.0296118e-04
   2.9861728e-03
   6.4706206e-04
  -4.5232956e-03
  -2.9421783e-03
  -4.8185117e-03
  -1.0591129e-02
  -1.0261330e-02
  -1.2838342e-02
  -1.9459574e-02
  -1.8273690e-02
  -1.6426257e-02
  -1.6915019e-02
  -8.7618553e-03
   2.1887367e-04
   3.5423127e-03
   1.1186410e-02
   1.6781742e-02
   1.3491600e-02
   1.2934614e-02
   1.2024299e-02
   3.8108079e-03
   4.3022981e-05
  -8.5556789e-04
  -7.4219754e-03
  -8.9934500e-03
  -5.9175568e-03
  -8.1726754e-03
  -6.5603515e-03
  -5.1369790e-04
  -1.4537441e-03
  -1.5288216e-03
   1.8563994e-03
  -2.1681182e-03
  -5.5727818e-03
  -2.9685813e-03
  -5.0473990e-03
  -5.7523168e-03
   4.1804094e-04
   1.1819111e-03
   1.2854407e-05
   3.7420401e-03
   1.3404072e-03
  -3.7826378e-03
  -2.2412401e-03
  -4.0698762e-03
  -8.1039259e-03
  -5.2304352e-03
  -6.0410931e-03
  -1.1628534e-02
  -1.1521594e-02
  -1.3893158e-02
  -1.9827197e-02
  -1.7187457e-02
  -1.3104178e-02
  -1.1661515e-02
  -2.5020509e-03
   6.5285297e-03
   8.5875671e-03
   1.4106129e-02
   1.7749174e-02
   1.2815336e-02
   1.1051067e-02
   9.6870963e-03
   1.1729467e-03
  -3.0845646e-03
  -4.2009876e-03
  -1.0777898e-02
  -1.2094083e-02
  -7.9356322e-03
  -8.6732712e-03
  -5.7741210e-03
   1.3339780e-03
   8.1157199e-04
   2.6464592e-04
   3.0859941e-03
  -1.2462576e-03
  -4.7985643e-03
  -1.8423849e-03
  -3.4814733e-03
  -4.5296355e-03
   6.4335625e-04
  -3.2215736e-05
  -2.9342522e-03
  -1.5620222e-04
  -2.1047454e-03
  -5.8329726e-03
  -2.2624774e-03
  -2.2081469e-03
  -5.8387804e-03
  -4.1614761e-03
  -7.1592128e-03
  -1.5396847e-02
  -1.7028450e-02
  -1.9041787e-02
  -2.2765653e-02
  -1.6519730e-02
  -8.1968005e-03
  -3.5057993e-03
   7.1076607e-03
   1.5920280e-02
   1.5991488e-02
   1.8359686e-02
   1.8767239e-02
   1.0647792e-02
   5.9648611e-03
   2.6098911e-03
  -7.0289591e-03
  -1.1396268e-02
  -1.0928632e-02
  -1.4549577e-02
  -1.2246664e-02
  -4.2359849e-03
  -2.1240081e-03
   1.5518781e-03
   7.5925661e-03
   4.4858672e-03
   4.9595599e-04
   5.5601071e-04
  -5.1445405e-03
  -8.8544030e-03
  -4.8322003e-03
  -4.8935925e-03
  -4.8890178e-03
   9.2344064e-04
   6.8608279e-04
  -2.0576001e-03
   1.1671386e-03
  -4.1843956e-05
  -3.6780503e-03
  -9.7299944e-04
  -2.8467127e-03
  -9.6244505e-03
  -1.1152286e-02
  -1.5890991e-02
  -2.3782527e-02
  -2.2433976e-02
  -1.9083035e-02
  -1.6861486e-02
  -5.6779092e-03
   5.5206440e-03
   9.9458170e-03
   1.7429199e-02
   2.1599397e-02
   1.6376255e-02
   1.3871090e-02
   1.0964210e-02
   1.0314144e-03
  -4.0569969e-03
  -6.0636106e-03
  -1.3053665e-02
  -1.3923945e-02
  -9.1929503e-03
  -8.8705807e-03
  -4.1716117e-03
   4.3245942e-03
   4.5515698e-03
   4.1816607e-03
   5.6601134e-03
  -1.1468625e-03
  -7.0702211e-03
  -6.2464266e-03
  -8.9706134e-03
  -9.0277656e-03
  -1.6540971e-03
   3.0842592e-04
   2.6028827e-04
   4.6921364e-03
   2.6160049e-03
  -2.1262723e-03
  -4.0046323e-04
  -2.5812443e-03
  -7.4642074e-03
  -6.2149146e-03
  -9.3140707e-03
  -1.6880869e-02
  -1.7749459e-02
  -1.9628317e-02
  -2.3123731e-02
  -1.6676292e-02
  -8.6558051e-03
  -4.0150080e-03
   6.6527094e-03
   1.4917924e-02
   1.4560035e-02
   1.6817820e-02
   1.6995174e-02
   9.3680468e-03
   6.0687811e-03
   4.0064825e-03
  -4.3322530e-03
  -7.6224245e-03
  -7.3811650e-03
  -1.2067593e-02
  -1.0979404e-02
  -4.6067410e-03
  -3.7431258e-03
  -2.4863161e-04
   5.8250347e-03
   2.9236296e-03
  -4.4942702e-04
  -2.4879857e-04
  -6.0565538e-03
  -9.2501195e-03
  -4.5765954e-03
  -3.8383194e-03
  -2.4985512e-03
   4.0462667e-03
   3.3873066e-03
  -3.5800644e-04
   9.8968675e-04
  -2.5249007e-03
  -7.3391145e-03
  -4.5808337e-03
  -5.3661112e-03
  -9.6610968e-03
  -8.5182382e-03
  -1.1716229e-02
  -1.9059574e-02
  -1.8606805e-02
  -1.7778232e-02
  -1.8283131e-02
  -9.4649740e-03
  -2.8039334e-04
   3.5151512e-03
   1.1735421e-02
   1.7201619e-02
   1.4255155e-02
   1.4744084e-02
   1.4426259e-02
   6.7763793e-03
   3.2889549e-03
   9.9871030e-04
  -7.7980475e-03
  -1.1440316e-02
  -1.0502992e-02
  -1.3579918e-02
  -1.0559139e-02
  -2.2430170e-03
  -4.1132993e-04
   2.4644330e-03
   7.0866639e-03
   2.5767524e-03
  -1.9400518e-03
  -1.4295007e-03
  -5.7145875e-03
  -7.3410062e-03
  -1.6871178e-03
  -1.3020562e-03
  -2.0440338e-03
   1.8556985e-03
  -7.6966461e-04
  -5.2309975e-03
  -2.7225014e-03
  -3.6850261e-03
  -6.2179912e-03
  -2.3833278e-03
  -3.7338025e-03
  -1.0378508e-02
  -1.2015856e-02
  -1.6785516e-02
  -2.3932464e-02
  -2.1170238e-02
  -1.6356660e-02
  -1.2929840e-02
  -1.3738952e-03
   8.9851062e-03
   1.1978630e-02
   1.8033442e-02
   2.1087209e-02
   1.5593879e-02
   1.3514791e-02
   1.0936501e-02
   9.6346841e-04
  -4.6868107e-03
  -7.8876107e-03
  -1.5955999e-02
  -1.7077912e-02
  -1.1775431e-02
  -1.0026095e-02
  -3.4192538e-03
   6.4695933e-03
   7.2248156e-03
   6.6644257e-03
   7.2751875e-03
  -4.4740319e-04
  -6.6763583e-03
  -5.7868467e-03
  -8.3475953e-03
  -8.3500487e-03
  -1.6374750e-03
  -1.0032877e-03
  -2.2892245e-03
   1.3910460e-03
  -5.2849110e-04
  -3.8792665e-03
  -2.6167811e-04
  -9.8734644e-04
  -5.2894846e-03
  -4.8185271e-03
  -9.8741303e-03
  -1.9423297e-02
  -2.1488426e-02
  -2.3321935e-02
  -2.5161908e-02
  -1.6096671e-02
  -5.5977315e-03
   8.8297367e-04
   1.2283582e-02
   1.9990802e-02
   1.8486160e-02
   1.9465941e-02
   1.8211994e-02
   9.2504208e-03
   4.5971200e-03
   7.9957355e-04
  -9.1901241e-03
  -1.3438940e-02
  -1.3189076e-02
  -1.6367192e-02
  -1.2322733e-02
  -2.6041681e-03
   1.1079210e-03
   6.1896126e-03
   1.1834219e-02
   6.8564755e-03
   7.8947593e-04
  -1.6225252e-03
  -9.1173347e-03
  -1.2574896e-02
  -7.3237306e-03
  -5.7198118e-03
  -3.4700112e-03
   3.5554283e-03
   3.0774806e-03
  -1.7649853e-04
   1.9038818e-03
  -8.7382237e-04
  -5.1240305e-03
  -2.7466989e-03
  -5.2472072e-03
  -1.1996179e-02
  -1.3399933e-02
  -1.8325331e-02
  -2.5394191e-02
  -2.2560112e-02
  -1.7985599e-02
  -1.4201216e-02
  -1.9264375e-03
   8.7039914e-03
   1.1964473e-02
   1.8042177e-02
   2.0326487e-02
   1.4300116e-02
   1.2383507e-02
   1.0220281e-02
   1.4594000e-03
  -2.4502128e-03
  -4.7206553e-03
  -1.2616443e-02
  -1.4201830e-02
  -1.0490763e-02
  -1.0444658e-02
  -4.7031313e-03
   4.6982879e-03
   5.6153199e-03
   5.9379102e-03
   6.9146844e-03
  -9.8799519e-04
  -7.3035379e-03
  -6.7632923e-03
  -9.3606575e-03
  -8.2370474e-03
  -1.2409429e-04
   1.6318221e-03
   1.1961857e-03
   4.3603102e-03
   4.9049389e-04
  -4.9354814e-03
  -3.1975154e-03
  -5.0087831e-03
  -8.4529437e-03
  -5.8918413e-03
  -8.7047555e-03
  -1.6032088e-02
  -1.7046718e-02
  -1.9726841e-02
  -2.3295343e-02
  -1.6505027e-02
  -8.6411242e-03
  -3.8536321e-03
   6.8942345e-03
   1.4408969e-02
   1.3794692e-02
   1.6592695e-02
   1.7314623e-02
   1.0963981e-02
   9.2428480e-03
   7.3867171e-03
  -1.7285870e-03
  -6.4843937e-03
  -8.9254847e-03
  -1.5926392e-02
  -1.5525417e-02
  -8.8741627e-03
  -6.3388314e-03
   1.1742092e-04
   8.4446049e-03
   6.7748326e-03
   3.9982474e-03
   3.2615793e-03
  -4.2285881e-03
  -8.4726723e-03
  -4.8993684e-03
  -5.1509586e-03
  -3.9429629e-03
   2.1800921e-03
   7.3972030e-04
  -2.9555390e-03
  -1.3058862e-03
  -4.2986242e-03
  -7.4217892e-03
  -2.9839337e-03
  -3.0530364e-03
  -6.9823553e-03
  -6.5860460e-03
  -1.1854066e-02
  -2.0860408e-02
  -2.1472278e-02
  -2.1325433e-02
  -2.1009076e-02
  -1.0549619e-02
  -2.0710673e-04
   4.8715576e-03
   1.4142118e-02
   1.9625541e-02
   1.6856764e-02
   1.7791222e-02
   1.7119902e-02
   8.9504746e-03
   4.6666920e-03
   2.4672172e-04
  -1.0847096e-02
  -1.5954474e-02
  -1.5979577e-02
  -1.8363765e-02
  -1.2598677e-02
  -1.2389689e-03
   3.4610194e-03
   8.6438791e-03
   1.3332945e-02
   7.0815297e-03
   3.6018106e-04
  -1.9656443e-03
  -8.6660144e-03
  -1.0985905e-02
  -5.3199014e-03
  -4.4801992e-03
  -3.8127058e-03
   1.1986634e-03
  -8.2076270e-04
  -4.1494257e-03
  -8.2407485e-04
  -1.6695440e-03
  -3.9650569e-03
  -7.2604903e-04
  -3.9338354e-03
  -1.2292085e-02
  -1.5501019e-02
  -2.1593072e-02
  -2.8264062e-02
  -2.3665343e-02
  -1.6811684e-02
  -1.0827816e-02
   2.7533109e-03
   1.3352625e-02
   1.5855019e-02
   2.0964097e-02
   2.2265991e-02
   1.5615560e-02
   1.3140090e-02
   9.7840963e-03
  -7.2102219e-04
  -6.5882269e-03
  -1.0606337e-02
  -1.8965008e-02
  -1.9124340e-02
  -1.2567378e-02
  -8.9037246e-03
   1.4343290e-04
   1.1138061e-02
   1.1624008e-02
   9.9992972e-03
   8.1345992e-03
  -2.2947722e-03
  -9.8523616e-03
  -9.4571719e-03
  -1.1489723e-02
  -9.5319071e-03
  -1.1093737e-03
   4.1417350e-04
  -1.2352091e-04
   3.3191775e-03
   3.3516263e-04
  -3.5593884e-03
  -6.0296474e-04
  -2.3990800e-03
  -7.1648125e-03
  -7.2235758e-03
  -1.3140735e-02
  -2.2479382e-02
  -2.3562818e-02
  -2.4226641e-02
  -2.3943676e-02
  -1.2812073e-02
  -1.6676037e-03
   4.7201160e-03
   1.5099835e-02
   2.0527528e-02
   1.7249050e-02
   1.7526728e-02
   1.5984881e-02
   7.8942581e-03
   4.7922720e-03
   1.5950044e-03
  -8.2759937e-03
  -1.2626303e-02
  -1.3385829e-02
  -1.7242314e-02
  -1.2806132e-02
  -2.7190237e-03
   1.6158907e-03
   7.6509480e-03
   1.3140257e-02
   7.3457738e-03
   8.0036688e-04
  -2.3508126e-03
  -1.0155872e-02
  -1.2631442e-02
  -6.4482474e-03
