   1.3969439e-21
   9.7209850e-21
   6.4993480e-20
   4.1750101e-19
   2.5767571e-18
   1.5279800e-17
   8.7054266e-17
   4.7653047e-16
   2.5062219e-15
   1.2664166e-14
   6.1483964e-14
   2.8679750e-13
   1.2853372e-12
   5.5346101e-12
   2.2897348e-11
   9.1014708e-11
   3.4758913e-10
   1.2754076e-09
   4.4963495e-09
   1.5229980e-08
   4.9564053e-08
   1.5497531e-07
   4.6557157e-07
   1.3438123e-06
   3.7266532e-06
   9.9295043e-06
   2.5419347e-05
   6.2521504e-05
   1.4774836e-04
   3.3546263e-04
   7.3180242e-04
   1.5338107e-03
   3.0887154e-03
   5.9760229e-03
   1.1108997e-02
   1.9841095e-02
   3.4047455e-02
   5.6134763e-02
   8.8921617e-02
   1.3533528e-01
   1.9789870e-01
   2.7803730e-01
   3.7531110e-01
   4.8675226e-01
   6.0653066e-01
   7.2614904e-01
   8.3527021e-01
   9.2311635e-01
   9.8019867e-01
   1.0000000e+00
   9.8019867e-01
   9.2311635e-01
   8.3527021e-01
   7.2614904e-01
   6.0653066e-01
   4.8675226e-01
   3.7531110e-01
   2.7803730e-01
   1.9789870e-01
   1.3533528e-01
   8.8921617e-02
   5.6134763e-02
   3.4047455e-02
   1.9841095e-02
   1.1108997e-02
   5.9760229e-03
   3.0887154e-03
   1.5338107e-03
   7.3180242e-04
   3.3546263e-04
   1.4774836e-04
   6.2521504e-05
   2.5419347e-05
   9.9295043e-06
   3.7266532e-06
   1.3438123e-06
   4.6557157e-07
   1.5497531e-07
   4.9564053e-08
   1.5229980e-08
   4.4963495e-09
   1.2754076e-09
   3.4758913e-10
   9.1014708e-11
   2.2897348e-11
   5.5346101e-12
   1.2853372e-12
   2.8679750e-13
   6.1483964e-14
   1.2664166e-14
   2.5062219e-15
   4.7653047e-16
   8.7054266e-17
   1.5279800e-17
   2.5767571e-18
   4.1750101e-19
   6.4993480e-20
   9.7209850e-21
   1.3969439e-21
