   3.0118585e+02
   7.3162172e+00
   8.9274508e+00
   5.8885413e+00
   6.7904583e+00
   4.9441291e+00
   1.4043106e+01
   7.8376836e+00
   1.7331554e+01
   1.8492106e+00
   2.1365093e+01
   1.7163829e+01
   9.5377292e+00
   6.0141855e+00
   6.3258393e+00
   2.0654470e+01
   8.9231327e+00
   1.9120171e+01
   4.0871423e+00
   1.1318863e+01
   1.3614339e+01
   9.0161611e+00
   3.1085787e+01
   3.9969090e+00
   4.4061155e+00
   7.2923530e+00
   1.0921137e+01
   6.3981576e+00
   3.1304856e+01
   8.0448130e+00
   2.1761494e+01
   2.1630546e+01
   8.6605398e+00
   9.5141990e+00
   2.4756648e+01
   1.5454444e+01
   3.6671996e+00
   1.2440448e+01
   2.1318064e+01
   1.1426731e+01
   9.8722583e+00
   2.1621591e+01
   1.5214778e+01
   2.0301167e+00
   7.8176148e+00
   1.1681940e+01
   1.1900753e+01
   4.0748090e+00
   1.0377590e+01
   6.4887018e+00
   5.5392684e+00
   1.5713837e+00
   1.2230912e+01
   1.6131005e+01
   1.2977537e+01
   1.2070644e+01
   5.0360272e+00
   1.8218065e+01
   1.0407935e+01
   1.1996011e+01
   9.3393118e+00
   1.5102990e+01
   1.2134412e+01
   1.1159532e+01
   1.2999270e+01
   3.0674512e+00
   9.5772246e+00
   7.9211066e+00
   4.4106530e+00
   1.5179181e+01
   1.5741000e+01
   1.4213168e+01
   1.7039402e+01
   7.5663448e+00
   2.2193961e+01
   5.7004513e+00
   2.6730535e+01
   6.3305184e+00
   1.3034330e+01
   1.5510524e+01
   1.5322161e+00
   2.6892576e+01
   9.0751794e+00
   4.8418936e+00
   4.1482514e+00
   1.6832753e+01
   2.1240110e+01
   1.1415502e-01
   8.9440138e+00
   1.5058809e+01
   5.6857645e+00
   7.9467857e+00
   5.6268701e+00
   2.1050773e+01
   1.5747085e+01
   6.7448416e+00
   2.2247598e+01
   9.4184417e+00
   6.3440658e+00
   6.7558638e+00
   2.1448595e+01
   9.9718448e+00
   2.1314371e+01
   8.5242302e+00
   1.7670373e+01
   7.5628508e+00
   1.9169838e+01
   1.2210516e+01
   7.0262023e+00
   1.1164830e+01
   2.1172697e+01
   2.5631554e+01
   5.9918683e+00
   9.1018087e+00
   9.5374780e+00
   7.7955381e+00
   2.2149502e+01
   2.0286342e+01
   5.3035256e+00
   8.8741063e+00
   1.4167490e+01
   2.1523229e+01
   1.0034066e+01
   9.7040704e+00
   5.6853693e+00
   1.1851702e+01
   1.8758211e+01
   5.0620207e+00
   2.2910388e+01
   1.3197434e+01
   4.9990993e+00
   4.5540877e+00
   8.2604115e+00
   2.0930662e+01
   5.6467276e+00
   1.1458856e+01
   1.5441737e+01
   9.9150218e+00
   8.1384470e+00
   1.6566778e+01
   3.0124107e+00
   8.7031336e+00
   2.3610271e+01
   8.1812778e+00
   9.2991065e+00
   1.6287062e+01
   1.2623100e+01
   7.6111822e+00
   2.1394193e+01
   3.0238430e+01
   1.5482028e+01
   4.7385408e+00
   9.9992217e+00
   1.2361603e+00
   2.8323047e+00
   3.6647636e+00
   8.2374709e+00
   1.6394607e+01
   8.9822999e+00
   2.4293381e+01
   1.7800606e+01
   1.8162178e+01
   1.1020058e+01
   1.2156791e+01
   1.1392247e+01
   1.3294491e+01
   1.4782255e+01
   6.7618512e+00
   6.3024834e+00
   1.0151096e+01
   1.5594531e+01
   2.3235211e+01
   1.4826885e+01
   6.1930486e+00
   1.2264048e+01
   2.2768204e+00
   1.0867814e+01
   1.0789824e+01
   1.7729495e+01
   9.9453434e+00
   1.1660810e+01
   1.7823702e+01
   1.5850761e+01
   5.7731961e+00
   1.3267228e+01
   1.9058290e+01
   1.1502222e+01
   1.0513895e+01
   1.0457914e+01
   1.3479195e+01
   8.3771221e+00
   1.5903805e+01
   3.5042402e+01
   7.5923291e+00
   9.3628833e+00
   4.6660559e+00
   1.1123167e+01
   3.8135301e+00
   1.7494491e+01
   1.1736367e+01
   2.0527053e+01
   1.3925508e+01
   1.7311230e+01
   1.6227362e+01
   1.6733165e+01
   6.8869669e+00
   1.0512567e+01
   1.6593997e+01
   9.3514280e+00
   9.2821819e+00
   1.8822240e+01
   2.3522997e+00
   9.9425022e+00
   1.6288603e+01
   1.0828939e+01
   7.5123898e+00
   1.3323847e+01
   5.8024538e+00
   1.3555588e+01
   1.0971970e+01
   4.8321615e+00
   4.1105180e+00
   1.1095943e+01
   1.5088666e+01
   1.1685016e+01
   4.4920750e+00
   7.5805868e+00
   4.1225573e+00
   9.4159145e+00
   2.1745660e+01
   6.9211833e+00
   1.5042104e+01
   1.6012693e+01
   1.4374431e+01
   4.9931989e+00
   1.1230863e+01
   1.8373034e+01
   3.2411910e+00
   1.8663453e+01
   1.3721561e+01
   1.9398291e+01
   6.2062324e+00
   5.9084880e+00
   6.2949385e+00
   8.2736262e+00
   2.1675054e+01
   1.8145764e+01
   1.2079718e+01
   9.7084209e+00
   1.6062409e+01
   1.4308124e+01
   3.7218559e+00
   1.6152702e+00
   1.7135253e+00
   1.2183938e+01
   7.3809970e+00
   1.1936877e+01
   1.4082675e+01
   6.4985077e+00
   2.4593480e+01
   3.0179133e+01
   1.1485692e+01
   1.0745151e+01
   1.3788740e+01
   1.5875714e+01
   3.4079942e+00
   1.8017674e+01
   2.2635277e+00
   5.9206268e+00
   1.1661839e+01
   7.9696266e+00
   3.5068817e+00
   1.2012384e+01
   7.6716270e+00
   2.4923308e+00
   1.6460006e+01
   2.2694399e+01
   1.6162263e+01
   8.9841579e+00
   9.9269435e+00
   6.1798732e+00
   6.0526528e+00
   2.9387640e+01
   4.4028830e+00
   1.1635513e+01
   1.3537746e+01
   7.9662139e+00
   1.6105758e+01
   8.2298732e+00
   2.5171834e+01
   4.7309624e+00
   1.3221965e+01
   1.5847498e+01
   1.0832058e+01
   1.1069453e+01
   6.6743990e+00
   8.7153573e+00
   4.1242311e+00
   9.0144280e+00
   1.5987882e+01
   3.6898310e+00
   3.2381036e+00
   1.2104520e+01
   1.1098226e+01
   8.5227824e+00
   7.0795226e+00
   2.3130616e+01
   1.8850033e+01
   6.0862258e+00
   1.6966866e+01
   1.6838156e+01
   1.2292803e+01
   1.6534605e+01
   1.0230126e+01
   9.2460954e+00
   1.5910549e+01
   1.5266151e+01
   1.1011420e+01
   1.1954030e+01
   4.8880161e+00
   8.6823169e+00
   1.3815598e+01
   8.3086719e+00
   1.0830040e+01
   1.4800305e+01
   1.3916862e+01
   1.2780681e+01
   1.1161966e+01
   1.1593895e+01
   1.2239217e+01
   1.7681245e+01
   1.4321093e+01
   1.1822139e+01
   5.9011246e+00
   2.1502079e+01
   3.5022539e+00
   7.0817167e+00
   1.3138190e+01
   3.0533547e+01
   1.3113338e+01
   5.0858488e-01
   2.4242837e+01
   1.2413640e+01
   9.6445378e+00
   1.9696175e+01
   2.1134093e+01
   2.6437589e+01
   1.2879546e+01
   1.4932655e+01
   1.2929568e+01
   9.3327666e+00
   3.4134249e+00
   2.3847984e+00
   2.6848895e+01
   3.1639407e+00
   7.1183934e+00
   8.9297011e+00
   2.0256692e+01
   1.5936850e+01
   3.0164104e+01
   7.6606287e+00
   1.3114721e+01
   6.2474310e+00
   3.5735477e+00
   2.1311389e+01
   1.4869033e+01
   1.7941571e+01
   1.1827165e+01
   1.2093817e+01
   1.1906719e+01
   3.2437216e+00
   2.9448905e+00
   1.5107826e+01
   1.5370920e+01
   6.9045406e+00
   6.3487967e+00
   7.5858348e+00
   1.7390228e+01
   1.6386466e+01
   1.0346633e+01
   1.0625611e+01
   1.0937757e+01
   2.6908762e+01
   1.2790750e+01
   6.2569553e+00
   2.6591391e+01
   3.5538383e+01
   2.6705468e+01
   9.6225324e+00
   1.3935744e+01
   1.2003434e+01
   3.4472044e+01
   5.3271916e+00
   1.3171490e+01
   1.1283599e+01
   1.0270200e+01
   1.8947842e+01
   1.4748562e+01
   9.8739801e+00
   1.3662729e+01
   5.5854943e+00
   1.0509458e+01
   1.0494652e+01
   1.0282939e+01
   8.4634858e+00
   5.9169987e+00
   6.4908654e+00
   9.0108318e+00
   1.6103148e+01
   8.9064887e+00
   1.3975154e+01
   1.3977492e+01
   2.3717866e+01
   1.0795322e+01
   1.2606528e+01
   1.0212871e+01
   1.3758295e+01
   9.0426376e+00
   1.8547685e+01
   1.4865783e+01
   1.6909287e+01
   1.7479193e+01
   9.7442055e+00
   7.0301153e+00
   7.1691585e+00
   8.9936995e+00
   1.3513689e+01
   2.1932507e+01
   1.8683665e+01
   1.0501294e+01
   1.5257343e+01
   3.8354996e+01
   1.9513454e+01
   2.3654627e+01
   1.9183146e+01
   2.8063299e+01
   1.5380897e+01
   1.2147758e+01
   6.2251031e+00
   5.7948366e+00
   2.6690943e+01
   1.4333673e+01
   1.1185313e+01
   3.2607808e+00
   1.6324918e+01
   6.8196835e+00
   6.3271091e+00
   1.1564244e+01
   8.3040459e+00
   1.9124806e+00
   1.3939469e+01
   7.9180667e+00
   1.3437568e+01
   1.5464361e+01
   1.3006092e+01
   1.7986492e+01
   1.4780464e+01
   7.5617372e+00
   4.1792327e+00
   5.9243907e+00
   9.9187931e+00
   1.3619793e+01
   1.4579450e+01
   6.2011081e+00
   7.6285786e+00
   1.3703923e+01
   1.6857322e+01
   2.3389838e+01
   7.1240304e+00
   1.1572950e+01
   2.7618661e+01
   2.2962613e+01
   1.6112716e+01
   1.7732890e+01
   9.9176544e+00
   2.1612838e+01
   1.3163963e+01
   2.2636417e+00
   1.5311640e+01
   8.5321628e+00
   1.9494739e+01
   8.4742080e+00
   2.0084730e+01
   1.6407291e+01
   1.8572378e+01
   1.8694969e+01
   5.1686359e+00
   6.4947199e+00
   1.4890296e+01
   1.1815836e+01
   1.0244752e+01
   1.2756748e+01
   2.7756120e+01
   1.8565125e+01
   1.6068304e+01
   2.2920361e+00
   5.7584491e+00
   1.4581237e+01
   1.1422614e+01
   7.2304769e-01
   1.6730801e+01
   1.5445602e+01
   1.5858934e+01
   1.2626794e+01
   4.9931432e+00
   8.3050200e+00
   6.1899591e+00
   1.1623797e+01
   1.5416016e+01
   9.8995743e+00
   1.6252290e+01
   5.9549347e+00
   1.5155040e+01
   1.5763494e+01
   8.4683941e+00
   5.0391982e+00
   2.3671720e+01
   9.9209807e+00
   1.2247548e+01
   1.6407721e+01
   9.1585027e+00
   1.6501181e+01
   6.7847055e+00
   6.8163857e+00
   9.2511927e+00
   6.9050639e+00
   1.3172218e+01
   1.7746225e+01
   5.8407204e+00
   1.2136994e+01
   1.1082971e+01
   1.7358990e+01
   9.9423104e+00
   1.3118928e+01
   5.5298353e+00
   1.6926261e+01
   2.6575716e+01
   5.6032273e+00
   1.7626200e+01
   7.9598988e+00
   1.4412133e+01
   1.6820955e+01
   2.8288266e+01
   1.0137485e+01
   2.4178492e+01
   1.6114678e+01
   3.6490275e+00
   8.0300201e+00
   7.5938452e+00
   8.1320753e+00
   6.1662253e+00
   2.3045791e+01
   6.3617240e+00
   1.6719109e+01
   2.1480370e+01
   4.6524569e+00
   3.7218534e+00
   2.1331443e+01
   9.1931720e+00
   1.3398824e+01
   1.7037864e+01
   1.4160112e+01
   9.0414117e+00
   7.5998616e+00
   8.9671448e+00
   1.0511341e+01
   1.0832654e+01
   9.4695800e+00
   1.5092072e+01
   1.8288163e+01
   2.2638295e+01
   1.9574674e+01
   1.3075651e+01
   1.8198899e+00
   1.6042295e+01
   1.7348461e+01
   8.2482332e+00
   2.4131222e+01
   9.5513226e+00
   2.3750827e+01
   1.3313447e+01
   1.3231034e+01
   1.0451613e+01
   1.2387207e+01
   1.7375107e+01
   1.2690642e+01
   1.1377887e+01
   7.4456946e+00
   2.0085515e+01
   1.8942721e+01
   1.4425515e+01
   6.9370635e+00
   2.4414224e+01
   8.6861976e+00
   2.0620741e+01
   8.1520452e+00
   1.0409927e+01
   2.3965791e+01
   1.3188162e+00
   1.1372376e+01
   7.3706149e+00
   1.7367185e+01
   1.2789755e+00
   1.5116282e+01
   1.7623788e+01
   5.1614000e+00
   1.8900075e+01
   2.3009168e+01
   1.2368142e+01
   2.0680028e+00
   6.4708611e+00
   4.4062942e+01
   1.1410161e+01
   3.0389885e+01
   5.1152580e+01
   1.8450067e+01
   3.3173737e+01
   4.8492522e+01
   3.1602855e+01
   3.6970599e+01
   4.7387794e+01
   4.0012299e+01
   3.6709540e+01
   4.2398018e+01
   2.1002194e+01
   2.3074973e+01
   3.9864659e+01
   3.2605943e+01
   3.3248074e+01
   2.9317923e+01
   1.2189921e+01
   1.3963309e+01
   5.7688572e+00
   3.7742630e+00
   2.0120522e+01
   2.6328731e+01
   2.2014255e+01
   2.8388403e+01
   2.9073157e+01
   4.4250376e+01
   2.6119688e+01
   3.9435065e+01
   3.0767996e+01
   4.4111232e+01
   1.8179279e+01
   1.7271051e+00
   1.3077872e+01
   5.7969292e+00
   2.3352817e+01
   1.5996180e+01
   1.8576169e+01
   1.5550016e+01
   2.2374946e+01
   1.6264547e+01
   1.2846246e+01
   1.7500931e+01
   1.4009938e+00
   2.0748479e+01
   7.2420736e+00
   9.4179938e+00
   1.6466956e+01
   1.6200329e+01
   1.2859071e+01
   2.0634154e+01
   2.1239755e+01
   1.5608265e+01
   1.1733088e+01
   7.9647315e+00
   4.0042766e+00
   2.5285241e+01
   2.2175813e+01
   1.2739494e+01
   8.3060486e+00
   1.0807178e+01
   1.9492357e+01
   1.7308381e+01
   3.8328654e+00
   1.5921422e+01
   1.4736329e+01
   7.2687794e+00
   1.4195966e+01
   4.4712566e+00
   2.1701298e+01
   9.1802303e+00
   6.0696078e+00
   1.6432755e+01
   4.7733993e+00
   1.1852101e+01
   1.1942046e+01
   9.8413940e+00
   2.4381704e+01
   1.9420502e+01
   1.7826318e+01
   2.2295403e+01
   3.5354334e+00
   3.4605222e+00
   6.4941050e+00
   1.6953555e+01
   1.0319525e+01
   1.9229519e+01
   2.9188511e+00
   1.0595925e+01
   1.1157588e+01
   2.6150856e+01
   1.5935474e+01
   9.4973664e+00
   4.9844884e+00
   2.6538852e+00
   1.1175711e+01
   1.1383687e+01
   9.5029701e+00
   2.1372111e+01
   6.1008353e+00
   5.4443387e+00
   1.3267218e+01
   6.6573247e+00
   1.0425852e+01
   1.8229647e+01
   1.6065314e+01
   1.1640810e+01
   1.1889674e+01
   4.0927225e+00
   1.3701772e+01
   1.3546387e+01
   2.6340506e+01
   6.9221772e+00
   1.1256135e+01
   1.9649234e+01
   1.4935171e+01
   4.1828747e+00
   1.6149918e+01
   5.8175465e+00
   2.2680357e+01
   1.1160839e+01
   1.4168256e+01
   1.5327865e+01
   1.7170266e+01
   1.4254697e+01
   1.1970298e+01
   2.4744503e+01
   1.3708498e+01
   1.4409929e+01
   1.6606193e+01
   1.2325513e+01
   1.8329340e+01
   1.1775880e+01
   1.4581846e+01
   3.3060172e+01
   2.2669838e+01
   1.5361049e+01
   7.7610499e+00
   8.7289498e+00
   1.3567932e+01
   1.9053410e+01
   1.2559329e+01
   2.3894426e+01
   4.6941251e+00
   1.4715576e+01
   1.9941341e+01
   4.7892215e+00
   1.1489503e+01
   6.6934728e+00
   1.5660325e+01
   1.1784051e+01
   2.0851945e+00
   1.3271448e+01
   2.4201604e+01
   2.2389020e+01
   2.2068804e+01
   9.0160497e+00
   1.8761790e+01
   2.6088370e+01
   1.0076478e+01
   2.5358183e+01
   2.1336127e+01
   1.5839375e+01
   2.2904309e+01
   1.7235598e+01
   1.0596010e+01
   1.9134007e+00
   1.4132299e+01
   1.4490806e+01
   1.6597481e+01
   1.1930295e+01
   1.4254751e+01
   7.1214272e+00
   1.7377852e+01
   1.0648933e+01
   8.2957961e+00
   1.6376187e+01
   1.9073403e+01
   1.8512706e+01
   4.0042794e+00
   1.2718101e+01
   1.4771335e+01
   1.1387457e+01
   7.7621924e+00
   1.9432195e+01
   1.4036092e+01
   2.5181639e+01
   4.1013884e+00
   1.4663172e+01
   2.4371872e+01
   5.6009188e+00
   6.9224669e+00
   7.7535091e+00
   6.8913012e+00
   1.5358054e+01
   1.3258194e+01
   1.8525833e+01
   2.7375093e+01
   1.9868690e+01
   1.2774703e+01
   3.7106967e+00
   1.7234749e+01
   9.0141240e+00
   9.3615975e+00
   2.0407054e+01
   9.3101460e+00
   6.8002382e+00
   3.5569888e+00
   1.0746808e+01
   9.7122834e+00
   9.2341948e+00
   8.5789171e+00
   3.7052487e+00
   1.8322978e+01
   1.6235752e+01
   1.5511196e+01
   3.9443762e+00
   1.0075788e+01
   4.8522295e+00
   2.3667779e+01
   1.2042871e+01
   7.9742770e+00
   5.6134106e+00
   1.1333705e+01
   2.5696578e+00
   7.0638717e+00
   2.7360886e+01
   1.6554696e+01
   1.7922309e+01
   3.7945407e+00
   5.0127086e+00
   1.6701188e+01
   1.7430646e+01
   1.9351912e+01
   1.4653648e+01
   7.1866927e+00
   5.0267298e+00
   8.0783308e+00
   1.6236027e+01
   1.1320889e+01
   9.4216288e+00
   1.4291656e+01
   2.1018514e+01
   2.0246096e+01
   1.8023199e+01
   9.1934124e+00
   1.4669182e+01
   1.0300199e+01
   3.1567007e+01
   1.9642687e+01
   1.3062172e+01
   1.3685392e+01
   1.7090687e+01
   1.8501820e+01
   2.0950035e+01
   6.1762662e+00
   5.9250268e+00
   1.2895396e+01
   1.8943174e+00
   2.6951909e+00
   2.3549874e+01
   4.5098470e+00
   1.9055295e+01
   1.7133480e+01
   1.8535693e+01
   8.7238360e+00
   1.3315395e+01
   1.7676160e+00
   5.6689769e+00
   2.6330646e+01
   1.2632048e+01
   1.3991242e+01
   1.6093167e+01
   1.1096258e+01
   4.1385303e+00
   1.2220702e+01
   7.3034665e+00
   1.3556544e+01
   1.6350006e+01
   2.5850837e+00
   5.6694358e+00
   2.0098178e+01
   1.1177170e+01
   3.1648496e+01
   1.5847718e+01
   3.1164405e+00
   1.9959795e+01
   6.7067729e+00
   1.4593995e+01
   1.5753575e+01
   1.2868596e+01
   1.2179825e+01
   4.1609255e+00
   2.6914691e+01
   6.5365459e+00
   9.8590326e+00
   8.5340605e+00
   1.1536376e+01
   1.2744253e+01
   1.1625309e+01
   2.1065074e+00
   2.3822613e+01
   2.8227492e+01
   2.0489772e+01
   2.0364337e+01
   4.8792688e+01
   2.8277516e+01
   2.4978698e+01
   3.8826652e+01
   3.1235088e+01
   1.0911565e+01
   1.1257907e+01
   2.2823109e+01
   1.5480036e+01
   2.0948725e+01
   7.6653979e+00
   9.5337325e+00
   2.7353838e+01
   9.0042642e+00
   1.8238502e+01
   1.3864669e+01
   1.8051413e+01
   3.4701874e+00
   4.4247603e+00
   3.9780403e+00
   2.2452053e+01
   1.0877341e+01
   6.1170354e+00
   3.3570594e+01
   2.0681345e+01
   7.1234143e+00
   2.4514093e+01
   9.6374327e+00
   2.2168388e+01
   2.4986350e+01
   2.2903297e+01
   1.9138896e+01
   2.1012541e+01
   2.1513871e+01
   1.6224150e+01
   1.6157351e+01
   4.8128338e+01
   1.9558780e+01
   1.8811583e+01
   4.1665960e+00
   1.5134959e+01
   8.9271713e-01
   2.4472094e+01
   2.3916330e+01
   3.2188566e+01
   5.3833278e+00
   1.1929609e+01
   1.6207957e+01
   2.3945152e+01
   9.1600342e+00
   2.5386884e+01
   3.3049111e+00
   1.7273699e+01
   8.6192250e+00
   4.7361669e+00
   2.1715427e+01
   2.1494663e+01
   3.3477995e+00
   2.2195109e+01
   1.3774488e+01
   2.3399887e+01
   1.0432957e+01
   5.5743492e+00
   4.5759804e+00
   2.0083493e+01
   4.1990529e-01
   1.8527284e+01
   2.6449122e+00
   4.9099700e+00
   3.8236317e+00
   1.0167998e+01
   3.1752986e+01
   1.9944576e+01
   1.9369096e+00
   8.6535664e+00
   6.1772488e+00
   6.0494097e+00
   2.6232603e+01
   1.4085837e+01
   1.6127769e+01
   1.3624066e+01
   1.8271331e+01
