   2.0934562e-02
   1.1032648e-02
   5.8573467e-03
   4.5386536e-03
   8.4458992e-03
  -1.4506842e-03
  -1.5181943e-02
  -3.3166374e-02
  -5.1101862e-02
  -5.6188176e-02
  -5.1085918e-02
  -5.6416605e-02
  -5.3750126e-02
  -4.3872272e-02
  -2.9539731e-02
  -7.3629417e-03
   1.7005527e-02
   2.4126923e-02
   2.1834816e-02
   8.4653902e-03
  -5.0902569e-03
  -1.2961276e-02
  -9.0171219e-03
   5.9495198e-03
   2.7977888e-02
   3.8051333e-02
   4.3220378e-02
   3.9451667e-02
   2.8688450e-02
   1.8138493e-02
   1.5833814e-02
   1.5578246e-02
   2.0712058e-02
   1.8742715e-02
   1.3875713e-02
   5.0056140e-03
  -2.6221449e-03
  -1.5965139e-03
   4.7261330e-03
  -5.7150742e-03
  -1.6515547e-02
  -2.6337420e-02
  -3.5870868e-02
  -3.4236422e-02
  -2.1845227e-02
  -1.9603275e-02
  -1.5870577e-02
  -1.6907946e-02
  -2.2210143e-02
  -2.3247615e-02
  -1.8431319e-02
  -1.3609899e-02
  -8.2906987e-04
   2.7895191e-04
  -4.5150748e-03
  -5.2875203e-03
  -6.6068876e-03
  -8.8154200e-03
   3.5430477e-03
   1.0757900e-02
   1.1176475e-02
   7.5958166e-03
  -3.8294758e-03
  -2.3830836e-02
  -2.9586342e-02
  -2.2707087e-02
  -6.5535881e-03
   1.0027440e-02
   2.5132179e-02
   3.1066020e-02
   3.5020475e-02
   3.2973891e-02
   2.7483152e-02
   1.8263688e-02
   9.7110178e-03
  -1.9293712e-03
  -3.5967799e-03
  -3.9201071e-03
  -4.7065137e-03
   2.6141956e-04
   3.9248046e-03
  -1.2634580e-02
  -2.5037340e-02
  -3.3137167e-02
  -3.8522076e-02
  -2.5318026e-02
   1.7449502e-03
   1.5402893e-02
   2.8455549e-02
   2.8113272e-02
   1.1045552e-02
  -4.1159912e-03
  -1.3906002e-02
  -2.3210539e-02
  -1.5264130e-02
  -1.4796877e-02
  -1.9441259e-02
  -1.3655479e-02
  -1.1410679e-02
  -1.6612009e-02
  -7.3519995e-03
  -8.6808696e-03
  -1.4285151e-02
  -9.4943228e-03
  -9.2858455e-03
  -1.6767991e-02
  -9.1442366e-03
  -1.0405144e-03
   1.0849263e-02
   2.3663673e-02
   2.6659306e-02
   2.1373231e-02
   1.9468853e-02
   1.0966933e-02
   6.9557182e-03
   7.6561168e-04
  -1.4419142e-02
  -3.1696474e-02
  -3.7949601e-02
  -4.0489832e-02
  -2.8103423e-02
  -5.6873523e-03
   1.0917485e-02
   8.6146033e-03
   2.1420435e-03
  -6.8909720e-03
  -1.1098855e-02
  -4.7707729e-03
   1.1365454e-02
   2.0145901e-02
   2.9542608e-02
   3.3285217e-02
   2.5972771e-02
   9.6255984e-03
  -6.6530388e-03
  -2.1889376e-02
  -2.0759347e-02
  -1.6358989e-02
  -1.0772847e-02
  -1.1880774e-03
   5.4432058e-03
   4.8490035e-03
   1.4410600e-02
   1.4647521e-02
   5.0624951e-03
  -4.0476549e-03
  -1.6914217e-02
  -3.4912534e-02
  -3.5253216e-02
  -2.9213029e-02
  -2.0855579e-02
  -1.4678057e-02
  -1.2654310e-02
  -1.2807908e-02
  -4.9456988e-03
   1.6423712e-03
   1.0833031e-02
   1.2422709e-02
   6.4673503e-03
  -9.4631886e-04
  -3.7598252e-03
  -8.8932248e-03
  -6.3805135e-03
  -2.1032704e-04
   7.0967295e-03
   4.7437724e-03
  -1.7408476e-03
  -1.0082355e-02
  -1.7328127e-02
  -2.1303335e-02
  -1.0077150e-02
  -1.6881857e-03
   6.7066541e-03
   1.9197222e-02
   2.4107241e-02
   1.6018049e-02
   1.1862552e-02
  -2.0160809e-04
  -1.0941685e-02
  -1.6974760e-02
  -2.3861932e-02
  -2.6108443e-02
  -1.6832624e-02
  -1.5349671e-02
  -8.4894427e-03
  -5.1282558e-03
  -1.6532853e-02
  -2.6245551e-02
  -2.7260397e-02
  -3.5647644e-02
  -2.3652428e-02
   3.6439053e-03
   2.4781176e-02
   3.9155279e-02
   4.5520318e-02
   3.1228032e-02
   2.1250718e-02
   1.5514075e-02
   9.3731314e-03
   3.7681362e-03
  -2.1799682e-03
  -1.3175897e-02
  -1.3266972e-02
  -1.3717902e-02
  -1.4855674e-02
  -1.1678028e-02
  -7.4568327e-03
  -1.1553195e-02
  -5.8948267e-03
   4.0716944e-03
   1.1673995e-02
   1.9473537e-02
   3.0682437e-02
   2.7759538e-02
   2.3558079e-02
   2.0848348e-02
   9.8462786e-03
  -8.0707239e-03
  -1.6246466e-02
  -2.5407637e-02
  -2.7121906e-02
  -2.6641213e-02
  -3.4225934e-02
  -4.1174773e-02
  -3.4231092e-02
  -2.6394062e-02
  -4.0645600e-03
   1.5809940e-02
   1.3547908e-02
   4.1833287e-03
  -5.2006007e-03
  -3.0047260e-02
  -3.7683417e-02
  -3.0934845e-02
  -2.6501087e-02
  -1.3390809e-02
   6.8946092e-03
   1.2882061e-02
   2.3782723e-02
   2.8894892e-02
   2.2591911e-02
   1.8102104e-02
   1.6903991e-02
   1.5474361e-02
   2.9983604e-02
   3.7279307e-02
   3.6954818e-02
   3.8446093e-02
   3.1071602e-02
   9.8854660e-03
  -3.7434071e-03
  -1.9761213e-02
  -2.9840910e-02
  -2.4898272e-02
  -1.2088360e-02
  -6.2288252e-03
  -1.4263067e-03
  -3.7268290e-03
  -9.6959495e-03
  -2.0205050e-02
  -2.5315022e-02
  -2.5793778e-02
  -2.0074817e-02
  -1.5145119e-02
  -1.0241759e-02
  -1.1716062e-02
  -1.2864777e-02
  -1.6720305e-02
  -1.6674301e-02
  -1.8573709e-02
  -2.3889365e-02
  -2.8577046e-02
  -2.5441245e-02
  -2.8156109e-02
  -2.2192607e-02
  -7.0210566e-03
   5.2665751e-03
   1.4254112e-02
   2.8817094e-02
   3.4042904e-02
   4.1477054e-02
   4.9205910e-02
   4.7137774e-02
   3.3211180e-02
   1.7235272e-02
  -1.1031533e-03
  -7.7339979e-03
  -1.2748921e-02
  -1.7431154e-02
  -1.9561539e-02
  -2.1559730e-02
  -2.9796893e-02
  -3.0786878e-02
  -3.2855039e-02
  -3.2233812e-02
  -2.3319422e-02
  -4.7038078e-03
   1.0178466e-02
   2.2041923e-02
   2.5651794e-02
   2.1347871e-02
   4.5941427e-03
  -6.9660699e-03
  -1.1422327e-02
  -1.2179197e-02
  -1.0946946e-02
  -5.0773672e-03
  -5.8434774e-03
   5.7155803e-04
   9.5186402e-03
   1.3844472e-02
   1.1072460e-02
   1.7762830e-03
  -1.3689458e-02
  -1.5903440e-02
  -1.9615800e-02
  -2.1503027e-02
  -1.2080149e-02
  -3.6744372e-03
  -1.4498048e-03
   1.3556479e-02
   1.6917421e-02
   1.2211795e-02
   1.3313396e-02
   8.5658902e-03
  -4.9101611e-03
  -7.1430281e-03
  -1.3987429e-02
  -1.7255194e-02
  -1.4365523e-02
  -1.4054892e-02
  -1.1845204e-02
  -2.2784860e-03
  -6.5855175e-03
  -9.5347982e-03
  -1.1426230e-02
  -1.7877459e-02
  -1.6195250e-02
  -1.4003822e-03
   3.0215567e-03
   9.8278597e-03
   1.8549503e-02
   1.8845810e-02
   9.6179586e-03
   7.3792390e-04
  -1.4845147e-02
  -2.5421200e-02
  -2.8473588e-02
  -2.3898615e-02
  -1.7674785e-02
  -5.2794391e-03
   4.8384643e-03
   1.3911641e-02
   1.4468073e-02
   6.3090159e-03
  -6.2939009e-03
  -1.0244802e-02
  -1.5867714e-02
  -1.4008208e-02
  -2.9771448e-03
   4.3444743e-03
   3.4877052e-03
   9.2730093e-03
   4.0579787e-03
  -3.3786814e-03
  -2.3655832e-03
  -3.6630853e-03
  -1.0941926e-02
  -6.7765079e-03
  -4.9225177e-03
   6.7399238e-04
   6.5409371e-03
   3.2352761e-03
  -1.7625129e-03
   1.4191342e-03
  -2.1555077e-03
   3.2411708e-03
   8.7802031e-03
   4.5008524e-03
   4.2901122e-03
   1.0254260e-02
   1.4818972e-03
  -3.4272378e-03
  -7.1775474e-03
  -1.3699505e-02
  -1.5151445e-02
  -9.5498672e-03
  -8.3224555e-03
  -3.2663935e-03
  -4.0546365e-03
  -4.2451140e-03
  -1.1090987e-03
   4.5416450e-03
   1.2140195e-02
   2.3233924e-02
   1.8192858e-02
   5.9635574e-03
  -9.9112349e-03
  -2.8619962e-02
  -4.8544175e-02
  -5.9068708e-02
  -6.1569964e-02
  -4.8548317e-02
  -2.8328883e-02
  -1.8863052e-03
   1.7330558e-02
   2.5235455e-02
   2.7329104e-02
   3.0881124e-02
   2.4961061e-02
   2.3963616e-02
   2.7463583e-02
   3.1204966e-02
   3.3032509e-02
   3.3955718e-02
   2.3701101e-02
   1.1425855e-02
  -5.0692215e-03
  -1.6765967e-02
  -2.2046373e-02
  -2.0622895e-02
  -1.3381685e-02
   3.1674128e-03
   1.0694994e-02
   1.5297441e-02
   1.8121657e-02
   1.4734474e-02
   2.3200087e-03
  -7.5443945e-03
  -1.8334549e-02
  -2.2554125e-02
  -2.2487069e-02
  -1.7625823e-02
  -1.8527123e-02
  -2.2419248e-02
  -2.5470759e-02
  -2.4145624e-02
  -2.9305449e-02
  -3.0895770e-02
  -3.0844974e-02
  -2.7554420e-02
  -2.2001854e-02
  -1.3780442e-02
  -9.2710027e-03
  -1.0036523e-03
   4.2713605e-03
   1.5703168e-02
   2.7830264e-02
   3.2005089e-02
   3.1400578e-02
   3.1620080e-02
   1.5915705e-02
   4.4761338e-03
   1.3339979e-03
  -3.6007214e-03
  -6.6694586e-03
  -2.7742881e-03
  -6.9275951e-03
  -3.1657477e-03
   2.8616434e-03
   4.9831839e-03
   6.2505198e-03
   5.4869456e-03
  -5.5163074e-04
   4.6337038e-03
   1.4256634e-03
  -8.0425779e-03
  -1.1640231e-02
  -1.6976110e-02
  -2.8151320e-02
  -2.7132081e-02
  -3.0780224e-02
  -3.3290625e-02
  -2.4950470e-02
  -1.1227295e-02
   4.0380436e-04
   1.5810106e-02
   2.2129665e-02
   2.4994607e-02
   1.9501193e-02
   7.6483772e-03
  -3.4968353e-03
  -1.0017582e-02
  -2.0952968e-02
  -2.2801383e-02
  -2.0358274e-02
  -1.4687618e-02
  -5.3824965e-03
   7.4575696e-03
   1.0287923e-02
   9.9731261e-03
   9.0444771e-03
   1.0803236e-02
   6.8800229e-03
   5.3572064e-03
   5.5913238e-03
   7.2849337e-03
   6.1704680e-03
   5.9061725e-03
  -2.8882326e-03
  -1.1430026e-02
  -1.7978940e-02
  -1.8356323e-02
  -1.7827703e-02
  -1.7255698e-02
  -1.7860725e-02
  -9.9874671e-03
  -6.5165837e-03
  -1.3404124e-03
   6.4975341e-03
   6.7970346e-03
  -3.7535526e-03
  -1.0005497e-02
  -2.1528441e-02
  -2.6284889e-02
  -1.9668317e-02
  -8.6283234e-03
   1.0383648e-03
   1.2533359e-02
   1.5907732e-02
   2.0621248e-02
   1.5539686e-02
   2.4360737e-03
  -5.4584884e-03
  -7.8335788e-03
  -1.3132406e-02
  -5.9858032e-03
  -3.1712425e-03
  -4.3896406e-03
   1.7780513e-03
   9.4860379e-03
   7.2413314e-03
   6.1426571e-03
  -3.3374760e-03
  -1.1146112e-02
  -1.4605039e-02
  -1.5799430e-02
  -1.2216702e-02
  -3.2942909e-03
  -6.4409696e-03
  -6.6264603e-03
  -7.1798828e-03
  -1.0532855e-02
  -5.9615289e-03
   7.2609135e-03
   9.7433587e-03
   1.2853290e-02
   1.2473909e-02
   7.1916637e-03
  -1.3094324e-03
  -7.8008626e-03
  -1.3394567e-02
  -1.0242010e-02
  -9.5566401e-03
  -7.8734918e-03
  -9.3546810e-03
  -1.2940694e-02
  -1.3176450e-02
  -2.6403126e-03
   3.9338726e-03
   1.0097022e-02
   1.4754194e-02
   1.8111853e-02
   1.2497473e-02
   3.2180457e-03
  -1.1244131e-02
  -2.7283468e-02
  -4.4384507e-02
  -4.8358660e-02
  -4.5899357e-02
  -3.5015243e-02
  -1.5091144e-02
   8.6844416e-03
   2.2232824e-02
   3.1094987e-02
   2.9364318e-02
   2.4049547e-02
   1.5347899e-02
   8.9126258e-03
   9.6117256e-03
   1.8203021e-02
   1.8231325e-02
   1.7584979e-02
   8.3933216e-03
  -7.0547146e-03
  -1.3364308e-02
  -7.2406127e-03
  -6.4489471e-03
  -6.3146189e-04
   4.9190264e-03
   1.0817345e-02
   1.7879257e-02
   2.3006368e-02
   1.8781936e-02
   1.2037921e-02
  -5.0408877e-03
  -1.7422865e-02
  -2.3387924e-02
  -2.6688422e-02
  -2.3128602e-02
  -1.0471290e-02
  -9.2075391e-03
  -8.5272451e-03
  -9.5452025e-03
  -1.4925980e-02
  -2.1429153e-02
  -2.3125549e-02
  -2.4258608e-02
  -1.6268613e-02
  -1.2662175e-02
  -1.0840481e-02
  -1.1239427e-02
  -1.4313369e-02
  -1.0804701e-02
   8.6107587e-03
   1.9000085e-02
   2.4879978e-02
   2.6618588e-02
   1.9351315e-02
   8.8864757e-03
   5.6879046e-03
  -1.7338023e-03
  -3.7805162e-03
  -6.0609600e-03
  -8.3018307e-03
  -7.5129759e-03
  -3.7431940e-03
  -9.1827365e-04
   1.1257112e-02
   1.3459067e-02
   6.6137886e-03
   3.5966801e-05
  -6.7457566e-03
  -1.7067892e-02
  -1.5313812e-02
  -1.2164343e-02
  -9.3280139e-03
  -7.6264189e-03
  -6.2305325e-03
  -1.0499061e-02
  -9.4847646e-03
  -2.5447411e-03
   1.1827285e-02
   2.1133307e-02
   2.4893321e-02
   1.9485183e-02
   1.0391900e-02
  -5.9226954e-03
  -2.2825262e-02
  -3.7297181e-02
  -4.3167253e-02
  -4.7047240e-02
  -3.9216158e-02
  -2.9394816e-02
  -2.3306802e-02
  -1.1610891e-02
   1.0107122e-02
   1.9731672e-02
   2.8293227e-02
   3.2062059e-02
   2.4656081e-02
   1.7672824e-02
   1.8989148e-02
   1.3561851e-02
   1.2865321e-02
   4.7547901e-03
  -1.2589774e-02
  -2.5376134e-02
  -3.1787347e-02
  -3.4588517e-02
  -1.7688479e-02
  -9.1053275e-03
  -1.0234626e-02
  -3.2112321e-03
   3.8674070e-03
   4.4197552e-03
   1.6218028e-02
   1.5718760e-02
   5.7057598e-03
  -4.4733533e-04
  -8.0945980e-03
  -1.9544232e-02
  -2.0252911e-02
  -2.0886422e-02
  -1.1347677e-02
   2.5873447e-03
   9.0487550e-03
   8.9315847e-03
   7.1969342e-03
  -6.8467338e-03
  -1.3225344e-02
  -1.1220757e-02
  -7.9244564e-03
  -4.7594609e-03
   1.5290407e-03
  -1.2730376e-03
  -2.0359206e-03
   4.0787757e-03
   1.5438751e-02
   1.6947914e-02
   1.2011813e-02
   1.3516775e-03
  -7.8836915e-03
  -1.2675158e-02
  -6.5990435e-03
  -2.9458198e-03
  -1.7141214e-04
  -2.1220973e-03
  -5.5901845e-03
  -9.0883697e-03
  -7.8636374e-03
  -4.8426408e-03
   8.8942373e-03
   1.4624726e-02
   9.0590378e-03
   2.5250303e-04
  -1.1606016e-02
  -2.9034647e-02
  -3.1015601e-02
  -2.9753222e-02
  -2.7950463e-02
  -2.1121554e-02
  -1.3696736e-02
  -1.4068791e-02
  -8.3323748e-03
  -7.0953783e-04
   1.4147240e-02
   2.8731395e-02
   3.6478799e-02
   3.5857076e-02
   3.0760963e-02
   1.2837153e-02
  -3.2377167e-03
  -1.9105435e-02
  -3.4086767e-02
  -4.4926008e-02
  -4.7032377e-02
  -4.8412067e-02
  -4.0529481e-02
  -2.3549653e-02
   4.2432742e-03
   2.3956762e-02
   3.0512131e-02
   2.7269014e-02
   1.9683418e-02
   1.0251994e-02
   1.7243823e-02
   2.3559906e-02
   2.2869942e-02
   1.8950520e-02
   9.1786986e-03
  -8.2318534e-03
  -1.5367450e-02
  -2.1515668e-02
  -1.9298731e-02
  -1.1350638e-02
  -7.0817260e-03
  -7.7726658e-04
   1.3633629e-02
   1.3418779e-02
   1.4375616e-02
   1.4904779e-02
   4.1290946e-03
  -3.1918008e-03
   5.4531481e-04
  -8.4164232e-03
  -1.0305883e-02
  -2.1089438e-03
   5.9687221e-03
   1.3307318e-02
   1.5702215e-02
  -1.6930688e-03
  -1.7745062e-02
  -3.0357873e-02
  -3.5124484e-02
  -2.8877280e-02
  -2.1771112e-02
  -2.6842284e-02
  -2.6930816e-02
  -2.8162333e-02
  -2.5976531e-02
  -9.6483165e-03
   1.6052110e-02
   2.7959883e-02
   3.3813662e-02
   3.1664191e-02
   2.0635692e-02
   7.5081351e-03
   3.5683363e-03
  -5.4513187e-03
  -1.1381177e-02
  -1.0438444e-02
  -7.6964710e-03
  -6.7926602e-03
   7.1207102e-04
   3.5828528e-03
   1.1868289e-02
   1.8586842e-02
   1.2047670e-02
   5.7329399e-04
  -5.0691672e-03
  -1.7961959e-02
  -1.5016693e-02
  -2.9816410e-03
  -2.5730606e-03
  -2.8382687e-03
   2.2393547e-03
  -9.2394286e-03
  -1.0454919e-02
   3.6091054e-04
   8.6424514e-03
   1.8018897e-02
   2.3480560e-02
   7.5264109e-03
  -5.5297086e-03
  -1.8937676e-02
  -3.0324128e-02
  -2.8292854e-02
  -2.3601510e-02
  -2.7809307e-02
  -2.1334175e-02
  -2.1702903e-02
  -2.4585757e-02
  -1.2392270e-02
   6.0434831e-03
   1.4492914e-02
   2.4239596e-02
   2.2827011e-02
   1.5268144e-02
   1.0676267e-02
   1.0266988e-02
   4.2470965e-03
  -2.9648291e-03
  -1.4380989e-02
  -2.1303706e-02
  -2.7216352e-02
  -2.7638928e-02
  -2.3133020e-02
  -1.0967283e-02
  -9.0118210e-04
   6.5831853e-03
   6.9475981e-03
   5.1647459e-03
  -3.7028413e-03
  -7.1598286e-03
  -6.9353283e-03
  -1.0355719e-02
  -1.6428739e-02
  -1.4669242e-02
  -1.9875303e-02
  -1.7102503e-02
   1.5454359e-03
   2.3307728e-02
   3.6350201e-02
   4.2269118e-02
   2.6966093e-02
   8.0535567e-03
  -4.7362617e-03
  -1.0260622e-02
  -1.0662585e-02
  -8.4939248e-03
  -1.4254983e-02
  -1.2765514e-02
  -1.2100517e-02
  -1.3940583e-02
  -1.0646206e-02
  -2.2959781e-03
  -2.4357947e-03
   5.4329821e-04
   1.1493808e-03
  -1.2954058e-03
  -3.1339240e-03
   3.5152254e-03
   7.8481349e-03
   9.6344351e-03
   7.1716646e-03
   3.9143371e-03
  -7.2426453e-03
  -1.2125001e-02
  -8.3904019e-03
   2.3185450e-04
   5.1217846e-03
   3.2824298e-03
  -1.3299770e-02
  -2.5680493e-02
  -3.1959772e-02
  -2.7567608e-02
  -1.3485158e-02
  -3.3162885e-03
  -5.2562096e-03
   1.3194532e-03
   1.8912700e-04
  -3.3320187e-03
   7.8110914e-03
   2.0267582e-02
   2.1814011e-02
   2.9975984e-02
   2.1570341e-02
   1.2985024e-03
  -1.2578507e-02
  -2.5710394e-02
  -3.9249806e-02
  -3.8471469e-02
  -4.3310727e-02
  -4.2172333e-02
  -3.1710690e-02
  -2.3397182e-02
  -8.0592382e-03
   2.0857465e-02
   3.1500407e-02
   3.4702150e-02
   3.2572061e-02
   1.7139635e-02
   4.8358873e-03
   1.0403789e-02
   8.7985530e-03
   5.9712533e-03
   2.7398952e-03
  -6.1864473e-03
  -1.7652469e-02
  -1.8626562e-02
  -1.5753042e-02
  -1.7105269e-03
   1.5199519e-02
   2.6145111e-02
   2.5969885e-02
   2.1451676e-02
   7.8224795e-03
  -9.5672906e-04
  -5.8408424e-03
  -1.4666818e-02
  -2.5810975e-02
  -2.3954488e-02
  -2.4967288e-02
  -2.1258056e-02
  -5.1521300e-03
   8.5051742e-03
   9.4628633e-03
   1.3391613e-02
   4.0803677e-03
  -8.8988409e-03
  -1.0562854e-02
  -8.5090159e-03
  -9.3705903e-03
  -3.6786394e-03
  -9.1554588e-03
  -1.3078479e-02
  -1.2639351e-02
  -1.6665680e-02
  -1.3648856e-02
   4.6401460e-03
   9.7621808e-03
   1.2797917e-02
   9.9889356e-03
  -8.1860114e-03
  -2.0487424e-02
  -1.1520890e-02
  -5.1859879e-03
   5.2256854e-03
   1.2353254e-02
   9.7828620e-03
   5.3863147e-03
   6.7542437e-03
   6.5835035e-03
   1.2621926e-02
   1.0287447e-02
   1.5025690e-03
  -7.7346281e-03
  -1.4725718e-02
  -1.9013430e-02
  -1.0974846e-02
  -6.6071195e-03
  -5.4352531e-03
  -4.4909760e-03
   1.3877949e-03
   5.3255913e-03
   1.0815587e-02
   1.7817239e-02
   2.8610750e-02
   3.0868893e-02
   3.0427728e-02
   1.9014186e-02
  -3.9042650e-03
  -2.3774957e-02
  -2.7393144e-02
  -2.9259265e-02
  -2.5663092e-02
  -2.6514514e-02
  -3.3129195e-02
  -3.7898333e-02
  -3.2360230e-02
  -1.8625435e-02
   9.4362841e-03
   2.8678509e-02
   3.5254652e-02
   3.1729454e-02
   1.7052852e-02
  -2.1136030e-03
  -6.5014122e-03
  -1.4425883e-02
