   1.1438859e-02
   1.1266402e-02
   1.1093186e-02
   1.0919222e-02
   1.0744522e-02
   1.0569102e-02
   1.0392975e-02
   1.0216161e-02
   1.0038676e-02
   9.8605422e-03
   9.6817806e-03
   9.5024145e-03
   9.3224691e-03
   9.1419711e-03
   8.9609491e-03
   8.7794337e-03
   8.5974575e-03
   8.4150551e-03
   8.2322637e-03
   8.0491223e-03
   7.8656729e-03
   7.6819599e-03
   7.4980304e-03
   7.3139344e-03
   7.1297251e-03
   6.9454587e-03
   6.7611947e-03
   6.5769962e-03
   6.3929299e-03
   6.2090663e-03
   6.0254799e-03
   5.8422490e-03
   5.6594567e-03
   5.4771901e-03
   5.2955410e-03
   5.1146061e-03
   4.9344867e-03
   4.7552894e-03
   4.5771257e-03
   4.4001125e-03
   4.2243721e-03
   4.0500323e-03
   3.8772262e-03
   3.7060928e-03
   3.5367766e-03
   3.3694275e-03
   3.2042013e-03
   3.0412591e-03
   2.8807671e-03
   2.7228971e-03
   2.5678254e-03
   2.4157330e-03
   2.2668052e-03
   2.1212306e-03
   1.9792011e-03
   1.8409108e-03
   1.7065555e-03
   1.5763311e-03
   1.4504330e-03
   1.3290546e-03
   1.2123856e-03
   1.1006105e-03
   9.9390646e-04
   8.9244098e-04
   7.9636964e-04
   7.0583320e-04
   6.2095459e-04
   5.4183556e-04
   4.6855314e-04
   4.0115586e-04
   3.3965967e-04
   2.8404396e-04
   2.3424739e-04
   1.9016396e-04
   1.5163943e-04
   1.1846830e-04
   9.0391709e-05
   6.7096663e-05
   4.8217020e-05
   3.3336759e-05
   2.1996094e-05
   1.3700984e-05
   7.9364681e-06
   4.1840176e-06
   1.9426438e-06
   7.5273286e-07
   2.2045578e-07
   3.9096091e-08
   1.9777925e-09
   1.7806277e-09
   1.3753977e-08
   1.0544987e-07
   7.8574042e-07
   5.8277421e-06
   4.3410276e-05
   3.2620893e-04
   2.4756844e-03
   1.8903239e-02
   1.4430595e-01
   1.0946923e+00
