   9.8808709e-01
   3.0307501e-01
  -8.9524676e-01
  -5.7785759e-01
   7.1783633e-01
   7.9794092e-01
  -4.7318200e-01
  -9.4324971e-01
   1.8366058e-01
   9.9944210e-01
   1.2279691e-01
  -9.6192728e-01
  -4.1805933e-01
   8.3351318e-01
   6.7360621e-01
  -6.2702290e-01
  -8.6612627e-01
   3.6115165e-01
   9.7676591e-01
  -6.1648587e-02
  -9.9582715e-01
  -2.4399846e-01
   9.2083376e-01
   5.2636181e-01
  -7.5948172e-01
  -7.5947868e-01
   5.2637247e-01
   9.2085394e-01
  -2.4396997e-01
  -9.9579310e-01
  -6.1609206e-02
   9.7681251e-01
   3.6120537e-01
  -8.6606839e-01
  -6.2696280e-01
   6.7366967e-01
   8.3358105e-01
  -4.1798914e-01
  -9.6185772e-01
   1.2286585e-01
   9.9951226e-01
   1.8373156e-01
  -9.4318065e-01
  -4.7311587e-01
   7.9800628e-01
   7.1790261e-01
  -5.7779163e-01
  -8.9518238e-01
   3.0314543e-01
   9.8816802e-01
