   9.9140569e-01
   3.0962081e-01
  -8.8549177e-01
  -5.6493562e-01
   7.3386814e-01
   8.1703091e-01
  -4.5109452e-01
  -9.1825351e-01
   2.1145789e-01
   1.0299364e+00
   1.5588596e-01
  -9.2636618e-01
  -3.8017358e-01
   8.7357309e-01
   7.1569869e-01
  -5.8304777e-01
  -8.2044280e-01
   4.0835791e-01
   1.0253195e+00
  -1.1918682e-02
  -9.4510920e-01
  -1.9249804e-01
   9.7291687e-01
   5.7884189e-01
  -7.0679563e-01
  -7.0679563e-01
   5.7884189e-01
   9.7291687e-01
  -1.9249804e-01
  -9.4510920e-01
  -1.1918682e-02
   1.0253195e+00
   4.0835791e-01
  -8.2044280e-01
  -5.8304777e-01
   7.1569869e-01
   8.7357309e-01
  -3.8017358e-01
  -9.2636618e-01
   1.5588596e-01
   1.0299364e+00
   2.1145789e-01
  -9.1825351e-01
  -4.5109452e-01
   8.1703091e-01
   7.3386814e-01
  -5.6493562e-01
  -8.8549177e-01
   3.0962081e-01
   9.9140569e-01
