   9.8985667e-01
   3.0652224e-01
  -8.9013448e-01
  -5.7111112e-01
   7.2617709e-01
   8.0784746e-01
  -4.6174145e-01
  -9.3032924e-01
   1.9799361e-01
   1.0151294e+00
   1.3978718e-01
  -9.4370045e-01
  -3.9868218e-01
   8.5395609e-01
   6.9504368e-01
  -6.0466612e-01
  -8.4294585e-01
   3.8505249e-01
   1.0012974e+00
  -3.6568611e-02
  -9.7029546e-01
  -2.1812668e-01
   9.4694184e-01
   5.5261815e-01
  -7.3316907e-01
  -7.3321883e-01
   5.5246944e-01
   9.4669587e-01
  -2.1846709e-01
  -9.7072640e-01
  -3.7085094e-02
   1.0007014e+00
   3.8438403e-01
  -8.4367880e-01
  -6.0545463e-01
   6.9420936e-01
   8.5308651e-01
  -3.9957574e-01
  -9.4460607e-01
   1.3888199e-01
   1.0142376e+00
   1.9712864e-01
  -9.3115370e-01
  -4.6251147e-01
   8.0714594e-01
   7.2555818e-01
  -5.7163340e-01
  -8.9054624e-01
   3.0623461e-01
   9.8970644e-01
